0                         2.153771286167398
0.003144654088050314      2.1539842735770662
0.006289308176100628      2.1546233019103056
0.009433962264150943      2.1556885600438136
0.012578616352201259      2.1571803639633345
0.015723270440251576      2.159099156258776
0.018867924528301893      2.1614455062415914
0.02201257861635221       2.1642201101243472
0.025157232704402527      2.16742379124787
0.028301886792452845      2.171057500353129
0.031446540880503165      2.1751223158931907
0.034591194968553486      2.1796194443886066
0.03773584905660381       2.18455022082577
0.04088050314465413       2.1899161090972825
0.04402515723270445       2.1957187024838163
0.04716981132075477       2.201959724179744
0.05031446540880509       2.2086410278615176
0.05345911949685541       2.215764598299188
0.05660377358490573       2.2233325520111293
0.05974842767295605       2.231347137961336
0.06289308176100637       2.239810738302367
0.0660377358490567        2.2487258691620013
0.06918238993710703       2.2580951814719583
0.07232704402515736       2.2679214618418655
0.07547169811320768       2.2782076334820545
0.07861635220125801       2.288956757167
0.08176100628930834       2.300172032245598
0.08490566037735867       2.3118567976966915
0.088050314465409         2.324014533232514
0.09119496855345932       2.336648860448406
0.09433962264150965       2.349763544018799
0.09748427672955998       2.363362492940439
0.1006289308176103        2.377449761824437
0.10377358490566063       2.39202955223584
0.10691823899371096       2.4071062140815798
0.11006289308176129       2.4226842470500287
0.11320754716981161       2.4387683020979694
0.11635220125786194       2.455363182988492
0.11949685534591227       2.4724738478785184
0.1226415094339626        2.4901054109623146
0.12578616352201294       2.508263144160651
0.12893081761006328       2.5269524788669173
0.13207547169811362       2.5461790077428077
0.13522012578616396       2.5659484865726085
0.1383647798742143        2.586266836167283
0.14150943396226465       2.607140144325797
0.144654088050315         2.628574667853229
0.14779874213836533       2.6505768346321474
0.15094339622641567       2.6731532457532126
0.154088050314466         2.696310677702229
0.15723270440251635       2.7200560846096096
0.1603773584905667        2.744396600555149
0.16352201257861704       2.7693395419350395
0.16666666666666738       2.794892409888689
0.16981132075471772       2.8210628927884613
0.17295597484276806       2.8478588687930824
0.1761006289308184        2.875288408461927
0.17924528301886875       2.9033597774355258
0.1823899371069191        2.9320814391826957
0.18553459119496943       2.9614620578125823
0.18867924528301977       2.9915105009541207
0.1918238993710701        3.0222358427046174
0.19496855345912045       3.053647366646885
0.1981132075471708        3.0857545689383414
0.20125786163522114       3.1185671614704233
0.20440251572327148       3.1520950751006467
0.20754716981132182       3.186348462960268
0.21069182389937216       3.2213377038335125
0.2138364779874225        3.2570734056171773
0.21698113207547284       3.2935664088538488
0.22012578616352318       3.330827790345552
0.22327044025157353       3.3688688668466398
0.22641509433962387       3.407701198838936
0.2295597484276742        3.447336594387423
0.23270440251572455       3.4877871130817653
0.2358490566037749        3.529065070061449
0.23899371069182523       3.5711830401276075
0.24213836477987558       3.614153861943578
0.24528301886792592       3.657990642324137
0.24842767295597626       3.7027067606156834
0.2515723270440266        3.7483158731715776
0.25471698113207697       3.794831917916781
0.25786163522012734       3.842269119011064
0.2610062893081777        3.890641991609982
0.2641509433962281        3.9399653467229996
0.26729559748427845       3.9902542961726226
0.2704402515723288        4.04152425765767
0.2735849056603792        4.093790959918351
0.27672955974842955       4.147070448008321
0.2798742138364799        4.201379088673889
0.2830188679245303        4.256733575844464
0.28616352201258066       4.313150936235331
0.28930817610063103       4.370648535057455
0.2924528301886814        4.429244081850584
0.29559748427673177       4.488955636430205
0.29874213836478214       4.5498016149560385
0.3018867924528325        4.61180079611853
0.3050314465408829        4.674972327453531
0.30817610062893325       4.73933573178175
0.3113207547169836        4.804910913775643
0.314465408805034         4.87171816665807
0.31761006289308436       4.9397781790333966
0.3207547169811347        5.009112041853996
0.3238993710691851        5.079741255525562
0.32704402515723546       5.151687737152258
0.33018867924528583       5.224973827925339
0.3333333333333362        5.299622300654562
0.33647798742138657       5.375656367451256
0.33962264150943694       5.453099687561178
0.3427672955974873        5.531976375350723
0.3459119496855377        5.612311008449581
0.34905660377358805       5.694128636051516
0.3522012578616384        5.777454787379838
0.3553459119496888        5.862315480315544
0.35849056603773916       5.948737230195036
0.3616352201257895        6.03674705878035
0.3647798742138399        6.126372503401456
0.36792452830189026       6.217641626275508
0.37106918238994063       6.310583024010384
0.374213836477991         6.405225837290061
0.37735849056604137       6.501599760748661
0.38050314465409174       6.599735053034863
0.3836477987421421        6.699662547073217
0.3867924528301925        6.801413660518904
0.38993710691824285       6.905020406421386
0.3930817610062932        7.010515404086277
0.3962264150943436        7.1179318901536135
0.39937106918239396       7.227303729884909
0.4025157232704443        7.338665428669742
0.4056603773584947        7.452052143753519
0.40880503144654506       7.567499696191135
0.41194968553459543       7.685044583028855
0.4150943396226458        7.804723989723243
0.41823899371069617       7.926575802796208
0.42138364779874654       8.05063862273397
0.4245283018867969        8.176951777134093
0.4276729559748473        8.305555334103872
0.43081761006289765       8.436490115915547
0.433962264150948         8.569797712923219
0.4371069182389984        8.705520497748694
0.44025157232704876       8.843701639735116
0.4433962264150991        8.984385119681178
0.4465408805031495        9.127615744853927
0.44968553459119986       9.273439164290494
0.45283018867925023       9.421901884395254
0.4559748427673006        9.573051284829091
0.459119496855351         9.726935634708013
0.46226415094340134       9.883604109109513
0.4654088050314517        10.04310680589208
0.4685534591195021        10.205494762839976
0.47169811320755245       10.37081997513286
0.4748427672956028        10.539135413150575
0.4779874213836532        10.710495040615854
0.48113207547170356       10.884953833084523
0.4842767295597539        11.062567796790177
0.4874213836478043        11.243393987845593
0.49056603773585467       11.427490531813135
0.49371069182390503       11.614916643645813
0.4968553459119554        11.805732648010746
0.5                       12
