0                         2.153771278928218
3.9093041438623924E-4     2.1537745704641793
7.818608287724785E-4      2.153784445088263
0.0011727912431587178     2.153800902845944
0.0015637216575449572     2.153823943812654
0.0019546520719311965     2.1538535680936093
0.0023455824863174357     2.1538897758245525
0.002736512900703675      2.153932567171182
0.003127443315089914      2.1539819423302333
0.003518373729476153      2.154037901527886
0.003909304143862392      2.1541004450209584
0.004300234558248631      2.1541695730965102
0.0046911649726348705     2.154245286070875
0.00508209538702111       2.1543275842918206
0.005473025801407349      2.154416468136162
0.005863956215793588      2.154511938011524
0.006254886630179827      2.154613994355941
0.006645817044566066      2.1547226376370645
0.007036747458952305      2.1548378683528995
0.007427677873338544      2.1549596870317487
0.007818608287724783      2.1550880942318145
0.008209538702111021      2.1552230905423926
0.00860046911649726       2.155364676581769
0.008991399530883497      2.1555128529989815
0.009382329945269736      2.155667620473821
0.009773260359655974      2.155828979716091
0.010164190774042212      2.1559969314652676
0.01055512118842845       2.15617147649192
0.010946051602814689      2.1563526155962904
0.011336982017200927      2.156540349609145
0.011727912431587165      2.1567346793905813
0.012118842845973404      2.156935605832075
0.012509773260359642      2.1571431298555126
0.01290070367474588       2.157357252411373
0.013291634089132118      2.1575779744821943
0.013682564503518357      2.157805297080529
0.014073494917904595      2.158039221248316
0.014464425332290833      2.1582797480574527
0.014855355746677072      2.158526878609905
0.01524628616106331       2.1587806140396424
0.015637216575449548      2.159040955510477
0.016028146989835786      2.1593079042158365
0.016419077404222025      2.1595814613802418
0.016810007818608263      2.1598616282580565
0.0172009382329945        2.160148406133885
0.01759186864738074       2.1604417963233686
0.017982799061766978      2.16074180017074
0.018373729476153216      2.1610484190518946
0.018764659890539454      2.1613616543738203
0.019155590304925692      2.1616815075726663
0.01954652071931193       2.162007980114879
0.01993745113369817       2.162341073497828
0.020328381548084407      2.162680789249066
0.020719311962470646      2.163027128925876
0.021110242376856884      2.1633800941170875
0.021501172791243122      2.163739686441204
0.02189210320562936       2.16410590754748
0.0222830336200156        2.1644787591153545
0.022673964034401837      2.1648582428542795
0.023064894448788075      2.1652443605044596
0.023455824863174313      2.1656371138370787
0.02384675527756055       2.1660365046532775
0.02423768569194679       2.166442534784892
0.024628616106333028      2.16685520609434
0.025019546520719266      2.1672745204733133
0.025410476935105505      2.1677004798453936
0.025801407349491743      2.1681330861648007
0.02619233776387798       2.168572341415313
0.02658326817826422       2.169018247611291
0.026974198592650458      2.169470806798188
0.027365129007036696      2.1699300210519823
0.027756059421422934      2.170395892479064
0.028146989835809173      2.1708684232161204
0.02853792025019541       2.171347615430477
0.02892885066458165       2.171833471319246
0.029319781078967887      2.1723259931118264
0.029710711493354126      2.172825183066948
0.030101641907740364      2.173331043474718
0.030492572322126602      2.173843576656168
0.03088350273651284       2.1743627849617155
0.031274433150899075      2.174888670772418
0.03166536356528531       2.1754212365010517
0.03205629397967154       2.1759604845905756
0.03244722439405777       2.176506417515384
0.032838154808444         2.1770590377799977
0.03322908522283023       2.1776183479192355
0.03362001563721646       2.1781843504985545
0.034010946051602695      2.178757048114676
0.034401876465988926      2.179336443394675
0.03479280688037516       2.1799225389963794
0.03518373729476139       2.180515337609336
0.03557466770914762       2.1811148419535016
0.03596559812353385       2.1817210547789614
0.03635652853792008       2.1823339788674048
0.036747458952306314      2.18295361703116
0.037138389366692545      2.1835799721134777
0.037529319781078777      2.184213046988532
0.03792025019546501       2.184852844560737
0.03831118060985124       2.1854993677655443
0.03870211102423747       2.1861526195688157
0.0390930414386237        2.1868126029686437
0.03948397185300993       2.187479320993191
0.039874902267396165      2.1881527767019975
0.040265832681782396      2.188832973184958
0.04065676309616863       2.189519913563913
0.04104769351055486       2.1902136009918536
0.04143862392494109       2.190914038652295
0.04182955433932732       2.1916212297595052
0.04222048475371355       2.192335177557709
0.042611415168099784      2.193055885323588
0.043002345582486015      2.1937833563654294
0.043393275996872246      2.194517594021079
0.04378420641125848       2.195258601660953
0.04417513682564471       2.196006382686164
0.04456606724003094       2.1967609405294297
0.04495699765441717       2.1975222786529685
0.0453479280688034        2.198290400551514
0.045738858483189634      2.1990653097506083
0.046129788897575866      2.1998470098070584
0.0465207193119621        2.2006355043088774
0.04691164972634833       2.201430796875286
0.04730258014073456       2.202232891156939
0.04769351055512079       2.203041790836096
0.04808444096950702       2.2038574996263947
0.048475371383893254      2.2046800212722815
0.048866301798279485      2.2055093595492394
0.049257232212665716      2.206345518264925
0.04964816262705195       2.207188501257292
0.05003909304143818       2.208038312396468
0.05043002345582441       2.208894955584242
0.05082095387021064       2.2097584347537236
0.05121188428459687       2.2106287538697416
0.051602814698983104      2.211505916928161
0.051993745113369336      2.212389927956565
0.05238467552775557       2.213280791013972
0.0527756059421418        2.214178510191118
0.05316653635652803       2.215083089610175
0.05355746677091426       2.215994533425203
0.05394839718530049       2.2169128458211844
0.054339327599686724      2.217838031014935
0.054730258014072955      2.2187700932555003
0.055121188428459186      2.219709036823133
0.05551211884284542       2.2206548660296335
0.05590304925723165       2.2216075852184645
0.05629397967161788       2.2225671987649207
0.05668491008600411       2.2235337110761293
0.05707584050039034       2.2245071265918455
0.057466770914776574      2.225487449782918
0.057857701329162806      2.226474685152141
0.05824863174354904       2.2274688372327773
0.05863956215793527       2.2284699105920254
0.0590304925723215        2.2294779098285176
0.05942142298670773       2.230492839572264
0.05981235340109396       2.231514704484937
0.060203283815480194      2.2325435092609496
0.060594214229866425      2.2335792586271737
0.060985144644252656      2.2346219573420854
0.06137607505863889       2.2356716101963343
0.06176700547302512       2.2367282220120046
0.06215793588741135       2.2377917976430126
0.06254886630179758       2.2388623419763007
0.06293979671618381       2.2399398599299047
0.06333072713057004       2.2410243564551138
0.06372165754495628       2.242115836535163
0.0641125879593425        2.243214305185461
0.06450351837372874       2.244319767454101
0.06489444878811497       2.245432228421123
0.0652853792025012        2.246551693197887
0.06567630961688743       2.2476781669292336
0.06606724003127366       2.248811654792007
0.0664581704456599        2.249952161995509
0.06684910086004613       2.251099693780702
0.06724003127443236       2.2522542554217466
0.06763096168881859       2.2534158522256575
0.06802189210320482       2.254584489531169
0.06841282251759105       2.2557601727099836
0.06880375293197728       2.2569429071659215
0.06919468334636351       2.2581326983359986
0.06958561376074975       2.2593295516887224
0.06997654417513598       2.2605334727258537
0.07036747458952221       2.26174446698235
0.07075840500390844       2.262962540025569
0.07114933541829467       2.264187697455384
0.0715402658326809        2.265419944904693
0.07193119624706713       2.2666592880386247
0.07232212666145336       2.2679057325550502
0.0727130570758396        2.2691592841849797
0.07310398749022583       2.2704199486921084
0.07349491790461206       2.2716877318735555
0.07388584831899829       2.2729626395591254
0.07427677873338452       2.2742446776111933
0.07466770914777075       2.2755338519244788
0.07505863956215698       2.27683016842866
0.07544956997654322       2.278133633084906
0.07584050039092945       2.279444251888208
0.07623143080531568       2.2807620308656738
0.07662236121970191       2.28208697607829
0.07701329163408814       2.2834190936204095
0.07740422204847437       2.2847583896190145
0.0777951524628606        2.286104870234567
0.07818608287724683       2.287458541661408
0.07857701329163307       2.2888194101260524
0.0789679437060193        2.29018748188912
0.07935887412040553       2.291562763244542
0.07974980453479176       2.2929452605191045
0.08014073494917799       2.2943349800727333
0.08053166536356422       2.2957319282990056
0.08092259577795045       2.297136111625832
0.08131352619233669       2.2985475365137518
0.08170445660672292       2.299966209457125
0.08209538702110915       2.3013921369847026
0.08248631743549538       2.3028253256575226
0.08287724784988161       2.3042657820705017
0.08326817826426784       2.3057135128523782
0.08365910867865407       2.3071685246661673
0.0840500390930403        2.3086308242080236
0.08444096950742654       2.310100418208151
0.08483189992181277       2.311577313430689
0.085222830336199         2.313061516673031
0.08561376075058523       2.3145530347663907
0.08600469116497146       2.3160518745761465
0.08639562157935769       2.3175580430022933
0.08678655199374392       2.3190715469781367
0.08717748240813016       2.3205923934712587
0.08756841282251639       2.322120589483461
0.08795934323690262       2.323656142050595
0.08835027365128885       2.3251990582425037
0.08874120406567508       2.3267493451618293
0.08913213448006131       2.3283070099475367
0.08952306489444754       2.3298720597713327
0.08991399530883377       2.3314445018404513
0.09030492572322          2.3330243433953797
0.09069585613760624       2.3346115917107113
0.09108678655199247       2.336206254096396
0.0914777169663787        2.337808337897229
0.09186864738076493       2.3394178504913725
0.09225957779515116       2.341034799292231
0.0926505082095374        2.342659191746918
0.09304143862392363       2.344291035338074
0.09343236903830986       2.345930337582274
0.09382329945269609       2.347577106030826
0.09421422986708232       2.349231348269768
0.09460516028146855       2.350893071919927
0.09499609069585478       2.352562284637031
0.09538702111024101       2.354238994111597
0.09577795152462724       2.355923208068532
0.09616888193901348       2.3576149342679855
0.09655981235339971       2.359314180504896
0.09695074276778594       2.361020954609671
0.09734167318217217       2.362735264446769
0.0977326035965584        2.3644571179161176
0.09812353401094463       2.3661865229527166
0.09851446442533086       2.3679234875274915
0.0989053948397171        2.3696680196459283
0.09929632525410333       2.371420127348472
0.09968725566848956       2.3731798187108097
0.10007818608287579       2.374947101844384
0.10046911649726202       2.3767219848957666
0.10086004691164825       2.378504476046885
0.10125097732603448       2.380294583514285
0.10164190774042071       2.3820923155507785
0.10203283815480695       2.3838976804445338
0.10242376856919318       2.3857106865196442
0.10281469898357941       2.3875313421354463
0.10320562939796564       2.389359655686974
0.10359655981235187       2.391195635604504
0.1039874902267381        2.393039290354068
0.10437842064112433       2.394890628438361
0.10476935105551057       2.396749658394299
0.1051602814698968        2.3986163887954604
0.10555121188428303       2.4004908282515203
0.10594214229866926       2.402372985408192
0.10633307271305549       2.4042628689473986
0.10672400312744172       2.4061604875865896
0.10711493354182795       2.4080658500789127
0.10750586395621418       2.409978965214293
0.10789679437060042       2.4118998418187516
0.10828772478498665       2.413828488753495
0.10867865519937288       2.4157649149171334
0.10906958561375911       2.417709129245168
0.10946051602814534       2.419661140708115
0.10985144644253157       2.4216209583124737
0.1102423768569178        2.423588591102032
0.11063330727130403       2.425564048157071
0.11102423768569027       2.4275473385948203
0.1114151681000765        2.429538471568492
0.11180609851446273       2.431537456267961
0.11219702892884896       2.4335443019190848
0.11258795934323519       2.4355590177849535
0.11297888975762142       2.4375816131652073
0.11336982017200765       2.439612097396264
0.11376075058639389       2.4416504798522283
0.11415168100078012       2.4436967699438696
0.11454261141516635       2.4457509771188484
0.11493354182955258       2.4478131108612615
0.11532447224393881       2.4498831806922112
0.11571540265832504       2.4519611961705436
0.11610633307271127       2.454047166891314
0.1164972634870975        2.4561411024872086
0.11688819390148374       2.4582430126283725
0.11727912431586997       2.4603529070222407
0.1176700547302562        2.462470795412969
0.11806098514464243       2.4645966875834233
0.11845191555902866       2.4667305933533044
0.11884284597341489       2.4688725225793178
0.11923377638780112       2.4710224851558564
0.11962470680218736       2.4731804910150004
0.12001563721657359       2.475346550126403
0.12040656763095982       2.477520672497519
0.12079749804534605       2.4797028681733195
0.12118842845973228       2.4818931472369172
0.12157935887411851       2.484091519808885
0.12197028928850474       2.4862979960479947
0.12236121970289097       2.488512586151103
0.1227521501172772        2.490735300353265
0.12314308053166344       2.492966148926257
0.12353401094604967       2.4952051421815327
0.1239249413604359        2.4974522904676633
0.12431587177482213       2.499707604171931
0.12470680218920836       2.5019710937196464
0.12509773260359458       2.5042427695753418
0.12548866301798078       2.5065226422405544
0.125879593432367         2.50881072225593
0.1262705238467532        2.51110702019929
0.1266614542611394        2.513411546689099
0.1270523846755256        2.5157243123813373
0.1274433150899118        2.5180453279706967
0.127834245504298         2.520374604190067
0.1282251759186842        2.522712151812698
0.1286161063330704        2.5250579816492973
0.12900703674745662       2.5274121045491142
0.12939796716184282       2.529774531401017
0.12978889757622902       2.5321452731337217
0.13017982799061523       2.534524340713517
0.13057075840500143       2.536911745145801
0.13096168881938763       2.5393074974756473
0.13135261923377384       2.541711608787068
0.13174354964816004       2.544124090203013
0.13213448006254624       2.546544952887359
0.13252541047693245       2.5489742080415567
0.13291634089131865       2.551411866907017
0.13330727130570486       2.5538579407648854
0.13369820172009106       2.5563124409350735
0.13408913213447726       2.558775378777682
0.13448006254886347       2.561246765692772
0.13487099296324967       2.563726613118945
0.13526192337763587       2.5662149325362975
0.13565285379202208       2.568711735463637
0.13604378420640828       2.571217033460073
0.13643471462079448       2.573730838124561
0.1368256450351807        2.576253161095508
0.1372165754495669        2.5787840140521894
0.1376075058639531        2.5813234087138426
0.1379984362783393        2.5838713568392677
0.1383893666927255        2.5864278702280785
0.1387802971071117        2.588992960720077
0.1391712275214979        2.5915666401956514
0.1395621579358841        2.594148920575037
0.13995308835027032       2.5967398138192834
0.14034401876465652       2.5993393319303664
0.14073494917904272       2.60194748695028
0.14112587959342893       2.6045642909621733
0.14151681000781513       2.6071897560902357
0.14190774042220133       2.609823894498561
0.14229867083658754       2.6124667183926817
0.14268960125097374       2.615118240017921
0.14308053166535994       2.6177784716609267
0.14347146207974615       2.6204474256508092
0.14386239249413235       2.6231251143562986
0.14425332290851856       2.625811550188928
0.14464425332290476       2.628506745600191
0.14503518373729096       2.631210713083135
0.14542611415167717       2.6339234651724155
0.14581704456606337       2.636645014443957
0.14620797498044957       2.6393753735146674
0.14659890539483578       2.642114555044145
0.14698983580922198       2.644862571732858
0.14738076622360818       2.6476194363223726
0.1477716966379944        2.6503851615962617
0.1481626270523806        2.653159760381584
0.1485535574667668        2.6559432455459273
0.148944487881153         2.658735629999171
0.1493354182955392        2.661536926692861
0.1497263487099254        2.6643471486211183
0.1501172791243116        2.6671663088191053
0.1505082095386978        2.6699944203650148
0.15089913995308402       2.6728314963795583
0.15129007036747022       2.6756775500255117
0.15168100078185642       2.678532594506976
0.15207193119624263       2.6813966430727874
0.15246286161062883       2.684269709012881
0.15285379202501503       2.6871518056597665
0.15324472243940124       2.6900429463892124
0.15363565285378744       2.6929431446199033
0.15402658326817364       2.6958524138120197
0.15441751368255985       2.6987707674703074
0.15480844409694605       2.7016982191419743
0.15519937451133226       2.704634782416349
0.15559030492571846       2.707580470927155
0.15598123534010466       2.710535298350692
0.15637216575449087       2.7134992784063456
0.15676309616887707       2.716472424857045
0.15715402658326327       2.7194547515086924
0.15754495699764948       2.722446272211357
0.15793588741203568       2.7254470008577982
0.15832681782642188       2.72845695138534
0.1587177482408081        2.7314761377739387
0.1591086786551943        2.7345045740478895
0.1594996090695805        2.7375422742754836
0.1598905394839667        2.740589252568384
0.1602814698983529        2.7436455230821934
0.1606724003127391        2.746711100017478
0.1610633307271253        2.74978599761846
0.1614542611415115        2.7528702301734143
0.16184519155589772       2.755963812014045
0.16223612197028392       2.759066757517246
0.16262705238467012       2.7621790811038522
0.16301798279905633       2.7653007972404
0.16340891321344253       2.7684319204369103
0.16379984362782873       2.771572465248539
0.16419077404221494       2.774722446274211
0.16458170445660114       2.777881878158837
0.16497263487098734       2.7810507755910407
0.16536356528537355       2.784229153304068
0.16575449569975975       2.7874170260776054
0.16614542611414596       2.7906144087357916
0.16653635652853216       2.793821316147728
0.16692728694291836       2.797037763228559
0.16731821735730457       2.8002637649373128
0.16770914777169077       2.803499336279401
0.16810007818607697       2.806744492305768
0.16849100860046318       2.8099992481126606
0.16888193901484938       2.8132636188420292
0.16927286942923558       2.8165376196806164
0.1696637998436218        2.8198212658620037
0.170054730258008         2.823114572664906
0.1704456606723942        2.8264175554143662
0.1708365910867804        2.8297302294812425
0.1712275215011666        2.8330526102828344
0.1716184519155528        2.8363847132828255
0.172009382329939         2.8397265539906584
0.1724003127443252        2.843078147961023
0.17279124315871142       2.8464395107958467
0.17318217357309762       2.849810658144804
0.17357310398748382       2.853191605702989
0.17396403440187003       2.856582369212333
0.17435496481625623       2.85998296446121
0.17474589523064243       2.8633934072850593
0.17513682564502864       2.8668137135657616
0.17552775605941484       2.8702438992321504
0.17591868647380104       2.873683980261319
0.17630961688818725       2.8771339726762335
0.17670054730257345       2.8805938925468695
0.17709147771695966       2.8840637559918036
0.17748240813134586       2.8875435791765085
0.17787333854573206       2.8910333783136934
0.17826426896011827       2.8945331696633616
0.17865519937450447       2.898042969532355
0.17904612978889067       2.9015627942770834
0.17943706020327688       2.9050926603002267
0.17982799061766308       2.908632584053123
0.18021892103204928       2.912182582035541
0.1806098514464355        2.9157426707944865
0.1810007818608217        2.919312866925168
0.1813917122752079        2.922893187071395
0.1817826426895941        2.926483647924556
0.1821735731039803        2.9300842662250943
0.1825645035183665        2.933695058761373
0.1829554339327527        2.937316042371549
0.1833463643471389        2.9409472339405625
0.18373729476152512       2.944588650403489
0.18412822517591132       2.948240308743209
0.18451915559029752       2.9519022259925123
0.18491008600468373       2.9555744192326188
0.18530101641906993       2.9592569055943727
0.18569194683345613       2.96294970225739
0.18608287724784234       2.9666528264503995
0.18647380766222854       2.9703662954515835
0.18686473807661474       2.9740901265888056
0.18725566849100095       2.9778243372389284
0.18764659890538715       2.9815689448285525
0.18803752931977336       2.985323966834301
0.18842845973415956       2.9890894207823635
0.18881939014854576       2.9928653242485552
0.18921032056293197       2.9966516948591675
0.18960125097731817       3.0004485502907414
0.18999218139170437       3.0042559082691582
0.19038311180609058       3.008073786571458
0.19077404222047678       3.011902203024988
0.19116497263486298       3.0157411755071735
0.1915559030492492        3.019590721946372
0.1919468334636354        3.0234508603206223
0.1923377638780216        3.0273216086592925
0.1927286942924078        3.0312029850422277
0.193119624706794         3.0350950076003755
0.1935105551211802        3.0389976945150465
0.1939014855355664        3.0429110640200747
0.1942924159499526        3.0468351344000553
0.19468334636433882       3.0507699239896056
0.19507427677872502       3.054715451175298
0.19546520719311122       3.058671734394977
0.19585613760749743       3.0626387921383866
0.19624706802188363       3.066616642947338
0.19663799843626983       3.0706053054144036
0.19702892885065604       3.0746047981851348
0.19741985926504224       3.0786151399564687
0.19781078967942844       3.0826363494776388
0.19820172009381465       3.086668445549833
0.19859265050820085       3.0907114470259103
0.19898358092258706       3.0947653728112527
0.19937451133697326       3.098830241864448
0.19976544175135946       3.102906073196266
0.20015637216574567       3.106992885869886
0.20054730258013187       3.1110906990010108
0.20093823299451807       3.1151995317582646
0.20132916340890428       3.119319403362738
0.20172009382329048       3.123450333089238
0.20211102423767668       3.1275923402649255
0.2025019546520629        3.1317454442711323
0.2028928850664491        3.135909664541657
0.2032838154808353        3.1400850205643565
0.2036747458952215        3.14427153188052
0.2040656763096077        3.1484692180846423
0.2044566067239939        3.1526780988249357
0.2048475371383801        3.156898193803727
0.2052384675527663        3.1611295227770597
0.20562939796715252       3.165372105554809
0.20602032838153872       3.169625962000964
0.20641125879592492       3.173891112033857
0.20680218921031113       3.1781675756263326
0.20719311962469733       3.1824553728056912
0.20758405003908353       3.1867545236534625
0.20797498045346974       3.1910650483059158
0.20836591086785594       3.19538696695372
0.20875684128224214       3.199720299843193
0.20914777169662835       3.204065067274314
0.20953870211101455       3.2084212896033364
0.20992963252540076       3.2127889872418223
0.21032056293978696       3.217168180656188
0.21071149335417316       3.2215588903669072
0.21110242376855937       3.225961136951696
0.21149335418294557       3.230374941043465
0.21188428459733177       3.2348003233300915
0.21227521501171798       3.239237304555786
0.21266614542610418       3.2436859055206355
0.21305707584049038       3.248146147080945
0.2134480062548766        3.252618050148442
0.2138389366692628        3.257101635691015
0.214229867083649         3.261596924733169
0.2146207974980352        3.2661039383555703
0.2150117279124214        3.270622697695501
0.2154026583268076        3.2751532239473704
0.2157935887411938        3.279695538362546
0.21618451915558          3.284249662249067
0.21657544956996622       3.288815616970851
0.21696637998435242       3.293393423950249
0.21735731039873862       3.2979831046663435
0.21774824081312483       3.3025846806555705
0.21813917122751103       3.30719817351104
0.21853010164189723       3.311823604884239
0.21892103205628344       3.316460996484693
0.21931196247066964       3.3211103700791114
0.21970289288505584       3.3257717474913875
0.22009382329944205       3.3304451506042483
0.22048475371382825       3.335130601358003
0.22087568412821446       3.3398281217517365
0.22126661454260066       3.344537733843026
0.22165754495698686       3.3492594597480547
0.22204847537137307       3.3539933216397344
0.22243940578575927       3.358739341750436
0.22283033620014547       3.3634975423714764
0.22322126661453168       3.368267945853347
0.22361219702891788       3.3730505746060544
0.22400312744330408       3.3778454510976985
0.2243940578576903        3.382652597855838
0.2247849882720765        3.3874720374674894
0.2251759186864627        3.3923037925795825
0.2255668491008489        3.397147885897482
0.2259577795152351        3.402004340187659
0.2263487099296213        3.4068731782743384
0.2267396403440075        3.411754423044158
0.2271305707583937        3.4166480974421916
0.22752150117277992       3.4215542244747326
0.22791243158716612       3.426472827207647
0.22830336200155232       3.431403928768077
0.22869429241593853       3.436347552342852
0.22908522283032473       3.4413037211795654
0.22947615324471093       3.446272458587316
0.22986708365909714       3.4512537879348315
0.23025801407348334       3.456247732651434
0.23064894448786954       3.461254316229315
0.23103987490225575       3.4662735622210334
0.23143080531664195       3.4713054942405392
0.23182173573102816       3.476350135963173
0.23221266614541436       3.4814075111259513
0.23260359655980056       3.4864776435287013
0.23299452697418677       3.491560557031903
0.23338545738857297       3.4966562755581094
0.23377638780295917       3.50176482309206
0.23416731821734538       3.5068862236807945
0.23455824863173158       3.512020501433483
0.23494917904611778       3.517167680521652
0.235340109460504         3.522327785180096
0.2357310398748902        3.527500839705283
0.2361219702892764        3.5326868684578017
0.2365129007036626        3.537885895860768
0.2369038311180488        3.543097946400678
0.237294761532435         3.548323044626727
0.2376856919468212        3.553561215151433
0.2380766223612074        3.5588124826513763
0.23846755277559362       3.5640768718665754
0.23885848318997982       3.5693544076001444
0.23924941360436602       3.57464511471926
0.23964034401875223       3.5799490181552756
0.24003127443313843       3.5852661429042314
0.24042220484752463       3.590596514027027
0.24081313526191084       3.595940156646634
0.24120406567629704       3.601297095951736
0.24159499609068324       3.6066673571959313
0.24198592650506945       3.612050965696824
0.24237685691945565       3.6174479468380127
0.24276778733384186       3.622858326067501
0.24315871774822806       3.6282821288989453
0.24354964816261426       3.6337193809108044
0.24394057857700047       3.63917010774702
0.24433150899138667       3.644634335116791
0.24472243940577287       3.6501120887953107
0.24511336982015908       3.6556033946245634
0.24550430023454528       3.6611082785108806
0.24589523064893148       3.6666267664274983
0.2462861610633177        3.6721588844143866
0.2466770914777039        3.6777046585772837
0.2470680218920901        3.6832641150883774
0.2474589523064763        3.688837280185737
0.2478498827208625        3.6944241801753037
0.2482408131352487        3.700024841429581
0.2486317435496349        3.705639290388774
0.2490226739640211        3.7112675535587982
0.24941360437840732       3.7169096575134972
0.24980453479279352       3.72256562889487
0.2501954652071797        3.728235494411365
0.2505863956215659        3.7339192808402686
0.25097732603595213       3.7396170150270223
0.25136825645033833       3.745328723884427
0.25175918686472454       3.7510544343923016
0.25215011727911074       3.756794173600042
0.25254104769349695       3.7625479686253698
0.25293197810788315       3.7683158466547297
0.25332290852226935       3.7740978349432908
0.25371383893665556       3.779893960814661
0.25410476935104176       3.7857042516615707
0.25449569976542796       3.7915287349456435
0.25488663017981417       3.797367438197682
0.25527756059420037       3.80322038901852
0.2556684910085866        3.8090876150785675
0.2560594214229728        3.8149691441182654
0.256450351837359         3.82086500394621
0.2568412822517452        3.826775222441995
0.2572322126661314        3.8326998275562687
0.2576231430805176        3.8386388473088573
0.2580140734949038        3.8445923097899026
0.25840500390929          3.8505602431603165
0.2587959343236762        3.8565426756525767
0.2591868647380624        3.862539635569192
0.2595777951524486        3.8685511512833273
0.2599687255668348        3.8745772512396
0.260359655981221         3.880617963954194
0.2607505863956072        3.8866733180147435
0.2611415168099934        3.892743342079939
0.2615324472243796        3.8988280648811156
0.26192337763876583       3.9049275152210043
0.26231430805315203       3.9110417219747546
0.26270523846753824       3.9171707140888543
0.26309616888192444       3.9233145205832898
0.26348709929631065       3.929473170550068
0.26387802971069685       3.9356466931537852
0.26426896012508305       3.9418351176312854
0.26465989053946926       3.948038473292911
0.26505082095385546       3.9542567895223897
0.26544175136824166       3.9604900957764926
0.26583268178262787       3.966738421584523
0.26622361219701407       3.973001796549852
0.2666145426114003        3.9792802503494045
0.2670054730257865        3.98557381273514
0.2673964034401727        3.9918825135313227
0.2677873338545589        3.9982063826383296
0.2681782642689451        4.004545450029639
0.2685691946833313        4.010899745753306
0.2689601250977175        4.017269299931797
0.2693510555121037        4.0236541427622114
0.2697419859264899        4.030054304517762
0.2701329163408761        4.036469815545161
0.2705238467552623        4.042900706267403
0.2709147771696485        4.049347007182519
0.2713057075840347        4.0558087488641945
0.2716966379984209        4.062285961963198
0.2720875684128071        4.068778677204648
0.2724784988271933        4.075286925390287
0.27286942924157953       4.081810737397802
0.27326035965596573       4.088350144181561
0.27365129007035194       4.09490517677159
0.27404222048473814       4.101475866274654
0.27443315089912435       4.108062243875565
0.27482408131351055       4.114664340835304
0.27521501172789675       4.121282188492728
0.27560594214228296       4.12791581826275
0.27599687255666916       4.134565261639182
0.27638780297105536       4.1412305501925175
0.27677873338544157       4.147911715572491
0.27716966379982777       4.15460878950546
0.277560594214214         4.161321803796568
0.2779515246286002        4.168050790329005
0.2783424550429864        4.1747957810645175
0.2787333854573726        4.181556808043297
0.2791243158717588        4.188333903384205
0.279515246286145         4.195127099285514
0.2799061767005312        4.201936428024112
0.2802971071149174        4.208761921957375
0.2806880375293036        4.2156036135217505
0.2810789679436898        4.222461535232981
0.281469898358076         4.2293357196859915
0.2818608287724622        4.236226199556199
0.2822517591868484        4.243133007599965
0.2826426896012346        4.250056176653686
0.2830336200156208        4.2569957396340214
0.283424550430007         4.263951729537837
0.28381548084439323       4.270924179443568
0.28420641125877943       4.277913122510597
0.28459734167316564       4.284918591978851
0.28498827208755184       4.291940621169999
0.28537920250193805       4.298979243488134
0.28577013291632425       4.306034492417666
0.28616106333071045       4.3131064015259994
0.28655199374509666       4.320195004461823
0.28694292415948286       4.327300334956249
0.28733385457386906       4.334422426822812
0.28772478498825527       4.341561313957811
0.28811571540264147       4.348717030339799
0.2885066458170277        4.355889610030317
0.2888975762314139        4.36307908717464
0.2892885066458001        4.370285496000918
0.2896794370601863        4.377508870820577
0.2900703674745725        4.384749246029969
0.2904612978889587        4.392006656108151
0.2908522283033449        4.399281135617684
0.2912431587177311        4.406572719206167
0.2916340891321173        4.413881441605383
0.2920250195465035        4.421207337631017
0.2924159499608897        4.428550442184246
0.2928068803752759        4.435910790252024
0.2931978107896621        4.443288416905375
0.2935887412040483        4.4506833572999085
0.2939796716184345        4.458095646677748
0.2943706020328207        4.465525320366623
0.29476153244720693       4.472972413779189
0.29515246286159313       4.480436962414274
0.29554339327597934       4.487919001858074
0.29593432369036554       4.495418567782053
0.29632525410475175       4.502935695944757
0.29671618451913795       4.510470422190963
0.29710711493352415       4.518022782452363
0.29749804534791036       4.525592812748641
0.29788897576229656       4.533180549186284
0.29827990617668276       4.540786027958063
0.29867083659106897       4.5484092853458264
0.29906176700545517       4.55605035771913
0.2994526974198414        4.5637092815354094
0.2998436278342276        4.5713860933403225
0.3002345582486138        4.579080829768316
0.300625488663            4.586793527542341
0.3010164190773862        4.5945242234734
0.3014073494917724        4.6022729544623076
0.3017982799061586        4.610039757498953
0.3021892103205448        4.6178246696627525
0.302580140734931         4.625627728123163
0.3029710711493172        4.63344897013792
0.3033620015637034        4.641288433055877
0.3037529319780896        4.649146154315986
0.3041438623924758        4.657022171447693
0.304534792806862         4.66491652207003
0.3049257232212482        4.672829243892693
0.3053166536356344        4.680760374717238
0.30570758405002063       4.688709952436227
0.30609851446440683       4.696678015033683
0.30648944487879304       4.704664600584124
0.30688037529317924       4.712669747254893
0.30727130570756545       4.720693493305646
0.30766223612195165       4.728735877087161
0.30805316653633785       4.736796937043323
0.30844409695072406       4.744876711709992
0.30883502736511026       4.752975239716079
0.30922595777949646       4.761092559782583
0.30961688819388267       4.76922871072469
0.31000781860826887       4.777383731450527
0.3103987490226551        4.785557660962013
0.3107896794370413        4.793750538354061
0.3111806098514275        4.8019624028159456
0.3115715402658137        4.810193293631471
0.3119624706801999        4.818443250178689
0.3123534010945861        4.826712311929953
0.3127443315089723        4.835000518452659
0.3131352619233585        4.843307909409191
0.3135261923377447        4.8516345245568
0.3139171227521309        4.859980403747159
0.3143080531665171        4.868345586929422
0.3146989835809033        4.8767301141480175
0.3150899139952895        4.885134025542811
0.3154808444096757        4.89355736135002
0.3158717748240619        4.902000161902322
0.3162627052384481        4.910462467629202
0.31665363565283433       4.918944319057061
0.31704456606722053       4.927445756808936
0.31743549648160674       4.935966821604893
0.31782642689599294       4.944507554264078
0.31821735731037915       4.953067995701815
0.31860828772476535       4.961648186931143
0.31899921813915155       4.97024816906378
0.31939014855353776       4.978867983310124
0.31978107896792396       4.987507670978857
0.32017200938231016       4.99616727347717
0.32056293979669637       5.004846832311387
0.32095387021108257       5.013546389087367
0.3213448006254688        5.0222659855098755
0.321735731039855         5.031005663383439
0.3221266614542412        5.039765464613083
0.3225175918686274        5.048545431203138
0.3229085222830136        5.05734560525849
0.3232994526973998        5.066166028984753
0.323690383111786         5.075006744687528
0.3240813135261722        5.083867794773823
0.3244722439405584        5.092749221752456
0.3248631743549446        5.1016510682324
0.3252541047693308        5.110573376925288
0.325645035183717         5.119516190643594
0.3260359655981032        5.128479552302565
0.3264268960124894        5.137463504918969
0.3268178264268756        5.146468091612917
0.3272087568412618        5.155493355606836
0.32759968725564803       5.164539340225872
0.32799061767003423       5.173606088899021
0.32838154808442044       5.182693645158224
0.32877247849880664       5.1918020526391615
0.32916340891319285       5.200931355082048
0.32955433932757905       5.210081596330724
0.32994526974196525       5.219252820332997
0.33033620015635146       5.228445071140925
0.33072713057073766       5.23765839291201
0.33111806098512386       5.246892829909257
0.33150899139951007       5.256148426500147
0.33189992181389627       5.265425227157152
0.3322908522282825        5.274723276458872
0.3326817826426687        5.284042619089462
0.3330727130570549        5.293383299839888
0.3334636434714411        5.302745363607357
0.3338545738858273        5.312128855395201
0.3342455043002135        5.321533820314585
0.3346364347145997        5.330960303583424
0.3350273651289859        5.340408350527014
0.3354182955433721        5.349878006577342
0.3358092259577583        5.359369317275139
0.3362001563721445        5.368882328268285
0.3365910867865307        5.37841708531505
0.3369820172009169        5.387973634279774
0.3373729476153031        5.397552021136903
0.3377638780296893        5.40715229196968
0.3381548084440755        5.416774492970887
0.33854573885846173       5.426418670441876
0.33893666927284793       5.436084870794332
0.33932759968723414       5.445773140550102
0.33971853010162034       5.455483526340913
0.34010946051600655       5.465216074908483
0.34050039093039275       5.474970833105999
0.34089132134477895       5.484747847897324
0.34128225175916516       5.494547166357904
0.34167318217355136       5.504368835674256
0.34206411258793756       5.514212903144596
0.34245504300232377       5.524079416179177
0.34284597341670997       5.533968422299893
0.3432369038310962        5.543879969141301
0.3436278342454824        5.5538141044509075
0.3440187646598686        5.563770876088995
0.3444096950742548        5.573750332029135
0.344800625488641         5.583752520357848
0.3451915559030272        5.59377748927534
0.3455824863174134        5.60382528709647
0.3459734167317996        5.613895962249785
0.3463643471461858        5.623989563278769
0.346755277560572         5.6341061388408775
0.3471462079749582        5.644245737708559
0.3475371383893444        5.654408408769484
0.3479280688037306        5.664594201027285
0.3483189992181168        5.674803163601041
0.348709929632503         5.685035345726021
0.3491008600468892        5.695290796753341
0.34949179046127543       5.705569566149961
0.34988272087566163       5.715871703500397
0.35027365129004784       5.726197258506204
0.35066458170443404       5.736546280986488
0.35105551211882025       5.746918820876942
0.35144644253320645       5.757314928231608
0.35183737294759265       5.767734653223101
0.35222830336197886       5.778178046141477
0.35261923377636506       5.788645157395422
0.35301016419075126       5.7991360375118575
0.35340109460513747       5.809650737138327
0.35379202501952367       5.820189307040664
0.3541829554339099        5.830751798104757
0.3545738858482961        5.841338261336205
0.3549648162626823        5.851948747860604
0.3553557466770685        5.862583308924343
0.3557466770914547        5.873241995893693
0.3561376075058409        5.883924860256968
0.3565285379202271        5.894631953623161
0.3569194683346133        5.905363327722796
0.3573103987489995        5.916119034408439
0.3577013291633857        5.92689912565379
0.3580922595777719        5.937703653555843
0.3584831899921581        5.948532670333691
0.3588741204065443        5.959386228329777
0.3592650508209305        5.970264380009439
0.3596559812353167        5.98116717796114
0.3600469116497029        5.992094674897544
0.36043784206408913       6.003046923654267
0.36082877247847533       6.014023977191812
0.36121970289286154       6.02502588859528
0.36161063330724774       6.0360527110742055
0.36200156372163395       6.047104497963915
0.36239249413602015       6.058181302724449
0.36278342455040635       6.069283178941021
0.36317435496479256       6.08041018032543
0.36356528537917876       6.091562360715102
0.36395621579356496       6.1027397740755305
0.36434714620795117       6.113942474497151
0.36473807662233737       6.1251705161975
0.3651290070367236        6.136423953522467
0.3655199374511098        6.147702840944817
0.365910867865496         6.159007233065495
0.3663017982798822        6.1703371846135155
0.3666927286942684        6.181692750446928
0.3670836591086546        6.19307398555236
0.3674745895230408        6.204480945044452
0.367865519937427         6.215913684167219
0.3682564503518132        6.227372258294963
0.3686473807661994        6.2388567229320415
0.3690383111805856        6.250367133712814
0.3694292415949718        6.261903546401982
0.369820172009358         6.273466016895327
0.3702111024237442        6.2850546012194854
0.3706020328381304        6.296669355532572
0.3709929632525166        6.308310336123668
0.37138389366690283       6.319977599414472
0.37177482408128903       6.331671201957988
0.37216575449567524       6.34339120044109
0.37255668491006144       6.355137651682128
0.37294761532444765       6.3669106126342285
0.37333854573883385       6.37871014038268
0.37372947615322005       6.390536292146919
0.37412040656760626       6.4023891252809335
0.37451133698199246       6.414268697272121
0.37490226739637866       6.4261750657430525
0.37529319781076487       6.4381082884513035
0.37568412822515107       6.450068423288826
0.3760750586395373        6.462055528284168
0.3764659890539235        6.474069661600765
0.3768569194683097        6.486110881539048
0.3772478498826959        6.4981792465351305
0.3776387802970821        6.510274815162461
0.3780297107114683        6.522397646131765
0.3784206411258545        6.534547798291101
0.3788115715402407        6.546725330625293
0.3792025019546269        6.558930302257693
0.3795934323690131        6.571162772450464
0.3799843627833993        6.583422800603728
0.3803752931977855        6.595710446257158
0.3807662236121717        6.608025769089011
0.3811571540265579        6.620368828917208
0.3815480844409441        6.632739685699278
0.3819390148553303        6.645138399533664
0.38232994526971653       6.657565030658702
0.38272087568410273       6.670019639453926
0.38311180609848894       6.682502286439444
0.38350273651287514       6.695013032277416
0.38389366692726135       6.7075519377712
0.38428459734164755       6.720119063866434
0.38467552775603375       6.732714471651207
0.38506645817041996       6.745338222356452
0.38545738858480616       6.757990377356236
0.38584831899919236       6.770670998167816
0.38623924941357857       6.783380146451918
0.38663017982796477       6.796117884013256
0.387021110242351         6.808884272802118
0.3874120406567372        6.8216793749126055
0.3878029710711234        6.834503252583659
0.3881939014855096        6.8473559681987695
0.3885848318998958        6.8602375842879155
0.388975762314282         6.873148163527276
0.3893666927286682        6.886087768739003
0.3897576231430544        6.899056462891053
0.3901485535574406        6.912054309099233
0.3905394839718268        6.92508137062697
0.390930414386213         6.938137710885314
0.3913213448005992        6.951223393431974
0.3917122752149854        6.964338481974096
0.3921032056293716        6.977483040366508
0.3924941360437578        6.990657132613308
0.392885066458144         7.003860822868546
0.39327599687253023       7.017094175435602
0.39366692728691643       7.030357254767637
0.39405785770130264       7.043650125467707
0.39444878811568884       7.056972852290187
0.39483971853007505       7.07032550014128
0.39523064894446125       7.083708134077028
0.39562157935884745       7.097120819304735
0.39601250977323366       7.110563621184497
0.39640344018761986       7.124036605229662
0.39679437060200606       7.13753983710501
0.39718530101639227       7.151073382628056
0.39757623143077847       7.164637307771329
0.3979671618451647        7.17823167866004
0.3983580922595509        7.191856561574184
0.3987490226739371        7.205512022947232
0.3991399530883233        7.2191981293682375
0.3995308835027095        7.232914947581094
0.3999218139170957        7.246662544484252
0.4003127443314819        7.26044098713254
0.4007036747458681        7.274250342737389
0.4010946051602543        7.288090678666379
0.4014855355746405        7.301962062444261
0.4018764659890267        7.315864561752846
0.4022673964034129        7.329798244431458
0.4026583268177991        7.3437631784777295
0.4030492572321853        7.357759432047601
0.4034401876465715        7.3717870734554936
0.40383111806095773       7.385846171174819
0.40422204847534393       7.399936793837242
0.40461297888973013       7.41405901023586
0.40500390930411634       7.42821288932322
0.40539483971850254       7.442398500212846
0.40578577013288875       7.456615912178393
0.40617670054727495       7.470865194654948
0.40656763096166115       7.485146417239378
0.40695856137604736       7.499459649690095
0.40734949179043356       7.513804961927406
0.40774042220481976       7.52818242403572
0.40813135261920597       7.542592106260713
0.40852228303359217       7.557034079012283
0.4089132134479784        7.571508412864944
0.4093041438623646        7.586015178556806
0.4096950742767508        7.60055444698952
0.410086004691137         7.615126289231284
0.4104769351055232        7.629730776514748
0.4108678655199094        7.644367980238258
0.4112587959342956        7.659037971965688
0.4116497263486818        7.673740823427465
0.412040656763068         7.6884766065210215
0.4124315871774542        7.703245393311136
0.4128225175918404        7.71804725602982
0.4132134480062266        7.732882267076604
0.4136043784206128        7.747750499019844
0.413995308834999         7.762652024596264
0.4143862392493852        7.777586916711812
0.41477716966377143       7.792555248442284
0.41516810007815763       7.807557093032699
0.41555903049254383       7.82259252389855
0.41594996090693004       7.837661614625233
0.41634089132131624       7.8527644389697
0.41673182173570245       7.867901070860796
0.41712275215008865       7.883071584398408
0.41751368256447485       7.898276053854374
0.41790461297886106       7.9135145536729965
0.41829554339324726       7.928787158472289
0.41868647380763346       7.944093943043754
0.41907740422201967       7.959434982351922
0.41946833463640587       7.974810351535609
0.4198592650507921        7.9902201259079675
0.4202501954651783        8.005664380957171
0.4206411258795645        8.021143192346244
0.4210320562939507        8.036656635914312
0.4214229867083369        8.052204787677113
0.4218139171227231        8.067787723826996
0.4222048475371093        8.083405520732072
0.4225957779514955        8.0990582549382
0.4229867083658817        8.114746003168307
0.4233776387802679        8.130468842324603
0.4237685691946541        8.146226849487505
0.4241594996090403        8.162020101915516
0.4245504300234265        8.177848677047393
0.4249413604378127        8.193712652501802
0.4253322908521989        8.209612106076918
0.42572322126658513       8.225547115750999
0.42611415168097133       8.241517759684257
0.42650508209535754       8.257524116218406
0.42689601250974374       8.273566263875466
0.42728694292412994       8.289644281360722
0.42767787333851615       8.30575824756204
0.42806880375290235       8.321908241550034
0.42845973416728855       8.338094342579211
0.42885066458167476       8.35431663008734
0.42924159499606096       8.370575183697383
0.42963252541044716       8.386870083216365
0.43002345582483337       8.403201408636448
0.43041438623921957       8.419569240135047
0.4308053166536058        8.43597365807608
0.431196247067992         8.45241474300991
0.4315871774823782        8.46889257567301
0.4319781078967644        8.485407236989943
0.4323690383111506        8.501958808072516
0.4327599687255368        8.518547370220404
0.433150899139923         8.535173004921887
0.4335418295543092        8.551835793854366
0.4339327599686954        8.568535818884868
0.4343236903830816        8.585273162069939
0.4347146207974678        8.602047905656605
0.435105551211854         8.618860132081863
0.4354964816262402        8.635709923974957
0.4358874120406264        8.652597364155952
0.4362783424550126        8.669522535636702
0.43666927286939883       8.68648552162216
0.43706020328378503       8.703486405510148
0.43745113369817124       8.720525270890846
0.43784206411255744       8.737602201548896
0.43823299452694364       8.754717281463002
0.43862392494132985       8.771870594806444
0.43901485535571605       8.789062225946736
0.43940578577010225       8.806292259448298
0.43979671618448846       8.82356078007075
0.44018764659887466       8.84086787277107
0.44057857701326086       8.858213622701953
0.44096950742764707       8.875598115213336
0.44136043784203327       8.893021435853882
0.4417513682564195        8.910483670369786
0.4421422986708057        8.927984904705681
0.4425332290851919        8.945525225006577
0.4429241594995781        8.963104717615977
0.4433150899139643        8.980723469077816
0.4437060203283505        8.998381566136231
0.4440969507427367        9.0160790957367
0.4444878811571229        9.033816145025696
0.4448788115715091        9.051592801351603
0.4452697419858953        9.069409152265678
0.4456606724002815        9.087265285521028
0.4460516028146677        9.105161289074431
0.4464425332290539        9.123097251086392
0.4468334636434401        9.141073259921825
0.4472243940578263        9.159089404150848
0.44761532447221253       9.177145772546567
0.44800625488659873       9.195242454090305
0.44839718530098494       9.213379537967228
0.44878811571537114       9.231557113569863
0.44917904612975734       9.249775270497537
0.44956997654414355       9.268034098557507
0.44996090695852975       9.286333687765307
0.45035183737291595       9.304674128343663
0.45074276778730216       9.323055510725169
0.45113369820168836       9.34147792555217
0.45152462861607456       9.359941463676137
0.45191555903046077       9.378446216158864
0.45230648944484697       9.39699227427326
0.4526974198592332        9.415579729502554
0.4530883502736194        9.434208673543537
0.4534792806880056        9.452879198304117
0.4538702111023918        9.471591395904738
0.454261141516778         9.49034535867969
0.4546520719311642        9.50914117917597
0.4550430023455504        9.527978950156012
0.4554339327599366        9.54685876459638
0.4558248631743228        9.565780715688675
0.456215793588709         9.584744896840107
0.4566067240030952        9.603751401674003
0.4569976544174814        9.622800324031402
0.4573885848318676        9.641891757969859
0.4577795152462538        9.66102579776441
0.45817044566064          9.680202537908883
0.45856137607502623       9.699422073115272
0.45895230648941243       9.718684498314246
0.45934323690379864       9.737989908656857
0.45973416731818484       9.757338399513742
0.46012509773257104       9.776730066476375
0.46051602814695725       9.796165005358148
0.46090695856134345       9.815643312193686
0.46129788897572965       9.835165083240042
0.46168881939011586       9.854730414975734
0.46207974980450206       9.874339404103978
0.46247068021888826       9.893992147551046
0.46286161063327447       9.913688742467173
0.46325254104766067       9.933429286228147
0.4636434714620469        9.95321387643446
0.4640344018764331        9.973042610912842
0.4644253322908193        9.992915587715856
0.4648162627052055        10.01283290512282
0.4652071931195917        10.032794661641049
0.4655981235339779        10.052800956005456
0.4659890539483641        10.072851887178956
0.4663799843627503        10.092947554353088
0.4667709147771365        10.113088056949152
0.4671618451915227        10.133273494618436
0.4675527756059089        10.153503967243012
0.4679437060202951        10.17377957493619
0.4683346364346813        10.194100418041899
0.4687255668490675        10.214466597136948
0.4691164972634537        10.234878213030811
0.46950742767783993       10.25533536676528
0.46989835809222613       10.275838159616399
0.47028928850661234       10.296386693094234
0.47068021892099854       10.316981068942823
0.47107114933538474       10.337621389142782
0.47146207974977095       10.358307755910573
0.47185301016415715       10.379040271698443
0.47224394057854335       10.399819039195393
0.47263487099292956       10.420644161328369
0.47302580140731576       10.44151574126198
0.47341673182170196       10.462433882399012
0.47380766223608817       10.483398688381783
0.47419859265047437       10.50441026309204
0.4745895230648606        10.525468710652717
0.4749804534792468        10.546574135426226
0.475371383893633         10.567726642017135
0.4757623143080192        10.588926335271083
0.4761532447224054        10.610173320276544
0.4765441751367916        10.631467702365399
0.4769351055511778        10.652809587112188
0.477326035965564         10.674199080336336
0.4777169663799502        10.695636288101298
0.4781078967943364        10.717121316715804
0.4784988272087226        10.73865427273438
0.4788897576231088        10.760235262958247
0.479280688037495         10.781864394434422
0.4796716184518812        10.803541774458267
0.4800625488662674        10.82526751057344
0.48045347928065363       10.847041710572057
0.48084440969503983       10.868864482494871
0.48123534010942604       10.890735934633426
0.48162627052381224       10.912656175528753
0.48201720093819844       10.93462531397256
0.48240813135258465       10.956643459008546
0.48279906176697085       10.978710719931712
0.48318999218135705       11.000827206290012
0.48358092259574326       11.022993027885377
0.48397185301012946       11.045208294772294
0.48436278342451566       11.067473117261045
0.48475371383890187       11.089787605916001
0.48514464425328807       11.112151871556762
0.4855355746676743        11.134566025259858
0.4859265050820605        11.1570301783579
0.4863174354964467        11.179544442440658
0.4867083659108329        11.202108929356712
0.4870992963252191        11.22472375121282
0.4874902267396053        11.24738902037467
0.4878811571539915        11.270104849467202
0.4882720875683777        11.292871351375481
0.4886630179827639        11.315688639246673
0.4890539483971501        11.3385568264884
0.4894448788115363        11.361476026770674
0.4898358092259225        11.384446354027148
0.4902267396403087        11.407467922453236
0.4906176700546949        11.430540846508507
0.4910086004690811        11.453665240917644
0.49139953088346733       11.476841220670508
0.49179046129785353       11.500068901022814
0.49218139171223974       11.52334839749517
0.49257232212662594       11.54667982587597
0.49296325254101214       11.57006330222174
0.49335418295539835       11.59349894285657
0.49374511336978455       11.616986864373814
0.49413604378417075       11.640527183635697
0.49452697419855696       11.664120017774394
0.49491790461294316       11.687765484192994
0.49530883502732936       11.711463700565616
0.49569976544171557       11.735214784838206
0.49609069585610177       11.759018855230693
0.496481626270488         11.782876030234945
0.4968725566848742        11.806786428617045
0.4972634870992604        11.83075016941683
0.4976544175136466        11.854767371949265
0.4980453479280328        11.878838155805
0.498436278342419         11.902962640851968
0.4988272087568052        11.927140947233795
0.4992181391711914        11.951373195372184
0.4996090695855776        11.975659505967371
0.5                       12
