0                         2.1537712754629865
7.82472613458529E-4       2.153784462231897
0.001564945226917058      2.1538240227928895
0.002347417840375587      2.153889957869751
0.003129890453834116      2.1539822686732464
0.003912363067292645      2.1541009568986738
0.004694835680751174      2.154246024726149
0.005477308294209703      2.154417474820832
0.006259780907668232      2.1546153103322467
0.007042253521126761      2.1548395348936538
0.00782472613458529       2.155090152622961
0.008607198748043818      2.1553671681243713
0.009389671361502346      2.155670586486167
0.010172143974960874      2.1560004132819586
0.010954616588419402      2.1563566545691515
0.01173708920187793       2.156739316892242
0.012519561815336458      2.1571484072809426
0.013302034428794986      2.157583933249896
0.014084507042253515      2.1580459027989605
0.014866979655712043      2.1585343244150295
0.01564945226917057       2.1590492070703817
0.016431924882629095      2.15959056022308
0.01721439749608762       2.1601583938181648
0.017996870109546148      2.1607527182880517
0.018779342723004674      2.161373544551452
0.0195618153364632        2.1620208840135433
0.020344287949921727      2.1626947485667074
0.021126760563380254      2.163395150591839
0.02190923317683878       2.1641221029563553
0.022691705790297306      2.164875619015561
0.023474178403755833      2.165655712613841
0.02425665101721436       2.166462398084434
0.025039123630672885      2.1672956902493183
0.025821596244131412      2.1681556044190415
0.026604068857589938      2.169042156394653
0.027386541471048464      2.16995536246651
0.02816901408450699       2.1708952394150742
0.028951486697965517      2.1718618045118205
0.029733959311424044      2.1728550755181573
0.03051643192488257       2.173875070686961
0.031298904538341096      2.174921808762292
0.03208137715179962       2.175995308981271
0.03286384976525815       2.177095591073055
0.033646322378716675      2.1782226752590077
0.0344287949921752        2.1793765822538376
0.03521126760563373       2.1805573332667905
0.035993740219092255      2.181764950000513
0.03677621283255078       2.1829994546509397
0.03755868544600931       2.184260869911043
0.038341158059467834      2.1855492189677648
0.03912363067292636       2.186864525504859
0.039906103286384886      2.188206813701413
0.04068857589984341       2.1895761082334957
0.04147104851330194       2.190972434274954
0.042253521126760465      2.1923958174968448
0.04303599374021899       2.193846284070105
0.04381846635367752       2.1953238606632794
0.044600938967136045      2.196828574444794
0.04538341158059457       2.198360453083069
0.0461658841940531        2.199919524746406
0.046948356807511624      2.201505818105545
0.04773082942097015       2.2031193623320746
0.048513302034428676      2.204760187100078
0.0492957746478872        2.206428322586362
0.05007824726134573       2.208123799471821
0.050860719874804255      2.2098466489410953
0.05164319248826278       2.211596902684505
0.05242566510172131       2.2133745928966277
0.053208137715179835      2.2151797522790844
0.05399061032863836       2.217012414039857
0.05477308294209689       2.2188726118939144
0.055555555555555414      2.2207603800653146
0.05633802816901394       2.2226757532865236
0.057120500782472466      2.2246187668001767
0.05790297339593099       2.226589456358454
0.05868544600938952       2.2285878582251257
0.059467918622848046      2.230614009174815
0.06025039123630657       2.2326679464957238
0.0610328638497651        2.2347497079890672
0.061815336463223625      2.236859331969299
0.06259780907668215       2.238996857267068
0.06338028169014068       2.2411623232271154
0.0641627543035992        2.2433557697117408
0.06494522691705773       2.2455772371005764
0.06572769953051626       2.2478267662899043
0.06651017214397478       2.2501043986965783
0.06729264475743331       2.252410176256433
0.06807511737089184       2.254744141425988
0.06885758998435036       2.257106337183359
0.06964006259780889       2.2594968070296204
0.07042253521126741       2.2619155949873857
0.07120500782472594       2.2643627456047284
0.07198748043818447       2.2668383039541595
0.072769953051643         2.269342315634333
0.07355242566510152       2.271874826770784
0.07433489827856005       2.27443588401718
0.07511737089201857       2.277025534556003
0.0758998435054771        2.279643826100255
0.07668231611893563       2.2822908068920356
0.07746478873239415       2.2849665257054994
0.07824726134585268       2.287671031848049
0.0790297339593112        2.2904043751610175
0.07981220657276973       2.293166606019554
0.08059467918622826       2.2959577753354665
0.08137715179968678       2.298777934556483
0.08215962441314531       2.3016271356690936
0.08294209702660384       2.3045054311988906
0.08372456964006236       2.307412874210513
0.08450704225352089       2.3103495183108294
0.08528951486697942       2.313315417648596
0.08607198748043794       2.316310626915083
0.08685446009389647       2.319335201346348
0.087636932707355         2.322389196723691
0.08841940532081352       2.325472669375813
0.08920187793427205       2.3285856761782497
0.08998435054773057       2.3317282745564967
0.0907668231611891        2.3349005224866346
0.09154929577464763       2.3381024784953865
0.09233176838810615       2.341334201661766
0.09311424100156468       2.344595751618442
0.0938967136150232        2.347887188553898
0.09467918622848173       2.351208573211977
0.09546165884194026       2.354559966894385
0.09624413145539878       2.3579414314614837
0.09702660406885731       2.3613530293341682
0.09780907668231584       2.364794823494435
0.09859154929577436       2.3682668774860645
0.09937402190923289       2.3717692554179166
0.10015649452269142       2.3753020219631935
0.10093896713614994       2.3788652423616554
0.10172143974960847       2.382458982420644
0.102503912363067         2.386083308516845
0.10328638497652552       2.3897382875974813
0.10406885758998405       2.3934239871815066
0.10485133020344257       2.397140475361425
0.1056338028169011        2.400887820803746
0.10641627543035963       2.404666092751995
0.10719874804381815       2.4084753610273424
0.10798122065727668       2.412315696028543
0.1087636932707352        2.4161871687353482
0.10954616588419373       2.4200898507098714
0.11032863849765226       2.424023814097552
0.11111111111111079       2.4279891316278963
0.11189358372456931       2.4319858766169205
0.11267605633802784       2.4360141229681176
0.11345852895148636       2.4400739451746745
0.11424100156494489       2.4441654183204378
0.11502347417840342       2.4482886180813352
0.11580594679186194       2.452443620727763
0.11658841940532047       2.456630503125325
0.117370892018779         2.4608493427353437
0.11815336463223752       2.4651002176194083
0.11893583724569605       2.469383206438863
0.11971830985915458       2.4736983884567962
0.1205007824726131        2.478045843539121
0.12128325508607163       2.4824256521571897
0.12206572769953015       2.486837895389101
0.12284820031298868       2.491282654922543
0.12363067292644721       2.4957600130542232
0.12441314553990573       2.500270052692599
0.12519561815336427       2.504812857359184
0.12597809076682281       2.5093885111909344
0.12676056338028135       2.5139970989416156
0.1275430359937399        2.5186387059836193
0.12832550860719844       2.5233134183103516
0.12910798122065698       2.52802132253737
0.12989045383411552       2.532762505902781
0.13067292644757406       2.537537056271333
0.1314553990610326        2.5423450621349275
0.13223787167449114       2.547186612613814
0.13302034428794968       2.5520617974615334
0.13380281690140822       2.5569707070632717
0.13458528951486676       2.561913432438473
0.1353677621283253        2.566890065244536
0.13615023474178384       2.5719006977772665
0.13693270735524238       2.576945422972699
0.13771517996870092       2.5820243344093683
0.13849765258215946       2.5871375263092204
0.139280125195618         2.5922850935406245
0.14006259780907654       2.5974671316204194
0.14084507042253508       2.602683736715676
0.14162754303599362       2.6079350056470503
0.14241001564945216       2.6132210358883867
0.1431924882629107        2.618541925568138
0.14397496087636924       2.6238977734731748
0.14475743348982778       2.6292886790516263
0.14553990610328632       2.6347147424131094
0.14632237871674486       2.6401760643316834
0.1471048513302034        2.645672746247044
0.14788732394366194       2.651204890267593
0.14866979655712048       2.6567725991734505
0.14945226917057902       2.662375976415717
0.15023474178403756       2.6680151261203378
0.1510172143974961        2.6736901530918544
0.15179968701095464       2.6794011628114163
0.15258215962441318       2.6851482614418387
0.15336463223787172       2.6909315558304456
0.15414710485133026       2.6967511535090694
0.1549295774647888        2.7026071626974044
0.15571205007824734       2.7084996923056224
0.15649452269170588       2.714428851935395
0.15727699530516442       2.7203947518834752
0.15805946791862296       2.7263975031432324
0.1588419405320815        2.7324372174065275
0.15962441314554005       2.7385140070665557
0.16040688575899859       2.744627985220916
0.16118935837245713       2.7507792656724064
0.16197183098591567       2.756967962931469
0.1627543035993742        2.7631941922206806
0.16353677621283275       2.7694580694744104
0.1643192488262913        2.775759711342914
0.16510172143974983       2.78209923519438
0.16588419405320837       2.788476759116236
0.1666666666666669        2.7948924019186734
0.16744913928012545       2.80134628313715
0.168231611893584         2.8078385230349454
0.16901408450704253       2.814369242605096
0.16979655712050107       2.820938563573236
0.1705790297339596        2.827546608400098
0.17136150234741815       2.834193500283561
0.1721439749608767        2.8408793631606954
0.17292644757433523       2.8476043217116853
0.17370892018779377       2.8543685013629556
0.1744913928012523        2.861172028288536
0.17527386541471085       2.868015029411538
0.1760563380281694        2.8748976324085334
0.17683881064162793       2.8818199657110313
0.17762128325508647       2.8887821585088886
0.178403755868545         2.895784340752755
0.17918622848200355       2.902826643157198
0.1799687010954621        2.9099091972032056
0.18075117370892063       2.9170321351401185
0.18153364632237917       2.924195589988983
0.1823161189358377        2.9313996955453945
0.18309859154929625       2.938644586382111
0.1838810641627548        2.945930397851953
0.18466353677621333       2.9532572660895084
0.18544600938967187       2.9606253280160217
0.1862284820031304        2.9680347213400182
0.18701095461658895       2.9754855845609995
0.1877934272300475        2.982978056972115
0.18857589984350603       2.9905122786655056
0.18935837245696457       2.998088390531109
0.19014084507042311       3.0057065342620035
0.19092331768388165       3.013366852357592
0.1917057902973402        3.021069488124624
0.19248826291079874       3.0288145856817437
0.19327073552425728       3.0366022899613085
0.19405320813771582       3.044432746713653
0.19483568075117436       3.0523061025094194
0.1956181533646329        3.060222504742967
0.19640062597809144       3.0681821016354434
0.19718309859154998       3.076185042237171
0.19796557120500852       3.084231476429977
0.19874804381846706       3.092321554932198
0.1995305164319256        3.1004554293017463
0.20031298904538414       3.108633251936567
0.20109546165884268       3.1168551760805485
0.20187793427230122       3.125121355826593
0.20266040688575976       3.1334319461169002
0.2034428794992183        3.1417871027496176
0.20422535211267684       3.150186982381115
0.20500782472613538       3.1586317425277457
0.20579029733959392       3.1671215415697134
0.20657276995305246       3.1756565387558453
0.207355242566511         3.18423689420581
0.20813771517996954       3.1928627689122777
0.20892018779342808       3.2015343247454098
0.20970266040688662       3.210251724457237
0.21048513302034516       3.2190151316836477
0.2112676056338037        3.227824710948312
0.21205007824726224       3.2366806276650664
0.21283255086072078       3.2455830481416683
0.21361502347417932       3.2545321395846827
0.21439749608763786       3.2635280701010174
0.2151799687010964        3.2725710087022435
0.21596244131455494       3.2816611253087444
0.21674491392801348       3.2907985907521606
0.21752738654147202       3.2999835767788
0.21830985915493056       3.309216256053901
0.2190923317683891        3.3184968021653276
0.21987480438184764       3.3278253896265255
0.22065727699530618       3.3372021938805574
0.22143974960876472       3.346627391304878
0.22222222222222326       3.3561011592123577
0.2230046948356818        3.3656236758557156
0.22378716744914035       3.3751951204327497
0.22456964006259889       3.384815673088042
0.22535211267605743       3.3944855149181876
0.22613458528951597       3.4042048279745813
0.2269170579029745        3.4139737952691576
0.22769953051643305       3.4237926007756414
0.2284820031298916        3.433661429434153
0.22926447574335013       3.443580467155755
0.23004694835680867       3.4535499008251804
0.2308294209702672        3.4635699183058932
0.23161189358372575       3.473640708442474
0.2323943661971843        3.4837624610660782
0.23317683881064283       3.493935366996311
0.23395931142410137       3.504159618048618
0.2347417840375599        3.51443540703508
0.23552425665101845       3.5247629277693022
0.236306729264477         3.5351423750719277
0.23708920187793553       3.545573944772002
0.23787167449139407       3.5560578337126003
0.2386541471048526        3.5665942397555455
0.23943661971831115       3.5771833617833977
0.2402190923317697        3.5878253997055936
0.24100156494522823       3.598520554460549
0.24178403755868677       3.6092690280225384
0.2425665101721453        3.6200710234041935
0.24334898278560385       3.6309267446609965
0.2441314553990624        3.6418363968950302
0.24491392801252093       3.652800186258901
0.24569640062597947       3.663818319962445
0.246478873239438         3.6748910062742084
0.24726134585289655       3.686018454526163
0.2480438184663551        3.6972008751197336
0.24882629107981363       3.7084384795292635
0.24960876369327217       3.719731480306166
0.2503912363067307        3.731080091083186
0.25117370892018925       3.7424845265788917
0.2519561815336478        3.753945002602393
0.25273865414710633       3.7654617360580005
0.2535211267605649        3.7770349449487526
0.2543035993740234        3.788664848381586
0.25508607198748195       3.8003516665730785
0.2558685446009405        3.812095620851835
0.25665101721439904       3.8238969336643436
0.2574334898278576        3.8357558285794084
0.2582159624413161        3.847672530292357
0.25899843505477466       3.859647264630212
0.2597809076682332        3.871680258556353
0.26056338028169174       3.883771740175007
0.2613458528951503        3.895921938735455
0.2621283255086088        3.9081310846373185
0.26291079812206736       3.9203994094362997
0.2636932707355259        3.932727145847707
0.26447574334898444       3.9451145277520254
0.265258215962443         3.9575617901993496
0.2660406885759015        3.970069169414046
0.26682316118936006       3.9826369027999817
0.2676056338028186        3.9952652289446178
0.26838810641627714       4.007954387624636
0.2691705790297357        4.0207046198116245
0.2699530516431942        4.033516167675884
0.27073552425665276       4.046389274593139
0.2715179968701113        4.059324185147773
0.27230046948356984       4.072321145138119
0.2730829420970284        4.0853804015824835
0.2738654147104869        4.098502202723523
0.27464788732394546       4.111686798034725
0.275430359937404         4.12493443822467
0.27621283255086254       4.138245375240615
0.2769953051643211        4.151619862276277
0.2777777777777796        4.1650581537753055
0.27856025039123816       4.178560505437417
0.2793427230046967        4.192127174223856
0.28012519561815524       4.205758418361825
0.2809076682316138        4.219454497351535
0.2816901408450723        4.233215671970299
0.28247261345853086       4.247042204277477
0.2832550860719894        4.260934357621977
0.28403755868544794       4.274892396645498
0.2848200312989065        4.288916587289293
0.285602503912365         4.303007196799058
0.28638497652582356       4.317164493730559
0.2871674491392821        4.331388747954804
0.28794992175274065       4.345680230665778
0.2887323943661992        4.360039214384017
0.2895148669796577        4.374465972962014
0.29029733959311627       4.388960781591948
0.2910798122065748        4.403523916810116
0.29186228482003335       4.418155656502563
0.2926447574334919        4.432856279911164
0.2934272300469504        4.4476260676385095
0.29420970266040897       4.4624653016550155
0.2949921752738675        4.477374265304434
0.29577464788732605       4.492353243309822
0.2965571205007846        4.507402521779113
0.29733959311424313       4.522522388211144
0.29812206572770167       4.537713131501562
0.2989045383411602        4.552975041948969
0.29968701095461875       4.568308411261455
0.3004694835680773        4.583713532562797
0.30125195618153583       4.599190700397116
0.30203442879499437       4.614740210736045
0.3028169014084529        4.630362360984748
0.30359937402191145       4.6460574499884615
0.30438184663537          4.661825778038406
0.30516431924882853       4.677667646877296
0.30594679186228707       4.693583359705485
0.3067292644757456        4.709573221190453
0.30751173708920415       4.725637537469595
0.3082942097026627        4.741776616157836
0.30907668231612123       4.757990766353544
0.30985915492957977       4.774280298645692
0.3106416275430383        4.790645525121022
0.31142410015649685       4.807086759368872
0.3122065727699554        4.823604316489025
0.31298904538341393       4.840198513097448
0.3137715179968725        4.8568696673320915
0.314553990610331         4.873618098861755
0.31533646322378955       4.890444128890692
0.3161189358372481        4.9073480801667415
0.31690140845070663       4.924330276987803
0.3176838810641652        4.941391045207979
0.3184663536776237        4.958530712245192
0.31924882629108225       4.9757496070871525
0.3200312989045408        4.993048060298349
0.32081377151799934       5.010426404027385
0.3215962441314579        5.0278849720140215
0.3223787167449164        5.045424099594641
0.32316118935837496       5.0630441237115065
0.3239436619718335        5.080745382918224
0.32472613458529204       5.098528217387354
0.3255086071987506        5.116392968918319
0.3262910798122091        5.134339980943082
0.32707355242566766       5.152369598533539
0.3278560250391262        5.170482168409762
0.32863849765258474       5.188678038946591
0.3294209702660433        5.206957560181252
0.3302034428795018        5.225321083820006
0.33098591549296036       5.243768963245202
0.3317683881064189        5.262301553522889
0.33255086071987744       5.2809192114112875
0.333333333333336         5.299622295368124
0.3341158059467945        5.318411165556768
0.33489827856025306       5.337286183854701
0.3356807511737116        5.356247713860455
0.33646322378717014       5.3752961209030445
0.3372456964006287        5.394431772047426
0.3380281690140872        5.413655036102739
0.33881064162754576       5.432966283630947
0.3395931142410043        5.4523658869533165
0.34037558685446284       5.471854220158775
0.3411580594679214        5.4914316591115835
0.3419405320813799        5.511098581459805
0.34272300469483846       5.530855366641504
0.343505477308297         5.550702395896167
0.34428794992175554       5.570640052268573
0.3450704225352141        5.590668720620101
0.3458528951486726        5.61078878763476
0.34663536776213116       5.631000641827086
0.3474178403755897        5.651304673551806
0.34820031298904824       5.671701275011344
0.3489827856025068        5.692190840263322
0.3497652582159653        5.712773765229258
0.35054773082942386       5.733450447703717
0.3513302034428824        5.754221287361872
0.35211267605634095       5.775086685767462
0.3528951486697995        5.796047046382569
0.353677621283258         5.817102774573868
0.35446009389671657       5.838254277623491
0.3552425665101751        5.859501964736296
0.35602503912363365       5.880846247048851
0.3568075117370922        5.902287537636994
0.3575899843505507        5.92382625152635
0.35837245696400927       5.945462805698526
0.3591549295774678        5.967197619101512
0.35993740219092635       5.989031112659575
0.3607198748043849        6.01096370928002
0.36150234741784343       6.032995833862174
0.36228482003130197       6.055127913308297
0.3630672926447605        6.077360376529953
0.36384976525821905       6.099693654458463
0.3646322378716776        6.122128180054176
0.36541471048513613       6.144664388314027
0.36619718309859467       6.167302716282393
0.3669796557120532        6.190043603059735
0.36776212832551175       6.212887489811578
0.3685446009389703        6.235834819776812
0.36932707355242883       6.258886038278433
0.37010954616588737       6.282041592733037
0.3708920187793459        6.3053019326584945
0.37167449139280445       6.328667509685374
0.372456964006263         6.352138777565187
0.37323943661972153       6.37571619217988
0.37402190923318007       6.399400211552006
0.3748043818466386        6.423191295853826
0.37558685446009715       6.447089907417592
0.3763693270735557        6.471096510744246
0.37715179968701423       6.495211572514165
0.3779342723004728        6.5194355615966515
0.3787167449139313        6.543768949059881
0.37949921752738985       6.56821220817983
0.3802816901408484        6.5927658144523775
0.38106416275430693       6.6174302456009855
0.3818466353677655        6.642205981587836
0.382629107981224         6.667093504623267
0.38341158059468256       6.6920932991773725
0.3841940532081411        6.717205851988581
0.38497652582159964       6.742431652074515
0.3857589984350582        6.767771190742792
0.3865414710485167        6.793224961599606
0.38732394366197526       6.818793460562119
0.3881064162754338        6.844477185868925
0.38888888888889234       6.8702766380880576
0.3896713615023509        6.896192320129273
0.3904538341158094        6.922224737255021
0.39123630672926796       6.948374397089481
0.3920187793427265        6.974641809631294
0.39280125195618504       7.001027487263173
0.3935837245696436        7.027531944762586
0.3943661971831021        7.054155699312275
0.39514866979656066       7.080899270513214
0.3959311424100192        7.107763180392624
0.39671361502347774       7.134747953416706
0.3974960876369363        7.161854116500706
0.3982785602503948        7.189082199020049
0.39906103286385336       7.216432732822739
0.3998435054773119        7.243906252240038
0.40062597809077044       7.271503294096306
0.401408450704229         7.299224397722639
0.4021909233176875        7.327070104966481
0.40297339593114606       7.35504096020361
0.4037558685446046        7.383137510349059
0.40453834115806314       7.4113603048700725
0.4053208137715217        7.439709895796341
0.4061032863849802        7.4681868377309115
0.40688575899843876       7.496791687864118
0.4076682316118973        7.525525005984093
0.40845070422535584       7.554387354488881
0.4092331768388144        7.583379298397517
0.4100156494522729        7.612501405362309
0.41079812206573146       7.641754245681739
0.41158059467919          7.671138392311832
0.41236306729264854       7.700654420877186
0.4131455399061071        7.730302909684383
0.4139280125195656        7.760084439733248
0.41471048513302416       7.78999959472975
0.4154929577464827        7.820048961098109
0.41627543035994125       7.850233127993363
0.4170579029733998        7.880552687313809
0.4178403755868583        7.911008233713744
0.41862284820031687       7.941600364614828
0.4194053208137754        7.9723296802199
0.42018779342723395       8.003196783524515
0.4209702660406925        8.034202280331215
0.421752738654151         8.065346779261006
0.42253521126760957       8.096630891767177
0.4233176838810681        8.128055232147005
0.42410015649452665       8.15962041755563
0.4248826291079852        8.191327068018893
0.42566510172144373       8.223175806445283
0.42644757433490227       8.255167258640938
0.4272300469483608        8.287302053322264
0.42801251956181935       8.319580822128103
0.4287949921752779        8.352004199633882
0.42957746478873643       8.384572823366398
0.43035993740219497       8.417287333815239
0.4311424100156535        8.450148374447394
0.43192488262911205       8.483156591720274
0.4327073552425706        8.516312635094607
0.43348982785602913       8.549617157050363
0.43427230046948767       8.58307081309897
0.4350547730829462        8.61667426179622
0.43583724569640475       8.650428164758353
0.4366197183098633        8.684333186675303
0.43740219092332183       8.718389995324799
0.43818466353678037       8.752599261585772
0.4389671361502389        8.786961659452686
0.43974960876369745       8.821477866050543
0.440532081377156         8.856148561649036
0.44131455399061453       8.890974429676248
0.4420970266040731        8.925956156733093
0.4428794992175316        8.96109443260849
0.44366197183099015       8.996389950293462
0.4444444444444487        9.031843405996483
0.44522691705790723       9.06745549915712
0.4460093896713658        9.103226932462178
0.4467918622848243        9.139158411859455
0.44757433489828286       9.175250646572692
0.4483568075117414        9.211504349117149
0.44913928012519994       9.247920235314382
0.4499217527386585        9.284499024307934
0.450704225352117         9.32124143857726
0.45148669796557556       9.358148203953988
0.4522691705790341        9.395220049636748
0.45305164319249264       9.43245770820755
0.4538341158059512        9.469861915647073
0.4546165884194097        9.50743341134904
0.45539906103286826       9.545172938137398
0.4561815336463268        9.583081242282105
0.45696400625978534       9.621159073513013
0.4577464788732439        9.659407185035946
0.4585289514867024        9.697826333550495
0.45931142410016096       9.736417279265652
0.4600938967136195        9.775180785914813
0.46087636932707804       9.814117620773004
0.4616588419405366        9.853228554671773
0.4624413145539951        9.892514362017891
0.46322378716745366       9.931975820807224
0.4640062597809122        9.971613712642352
0.46478873239437074       10.011428822750474
0.4655712050078293        10.051421939996999
0.4663536776212878        10.091593856904865
0.46713615023474636       10.13194536966904
0.4679186228482049        10.1724772781767
0.46870109546166344       10.21319038602104
0.469483568075122         10.25408550051867
0.4702660406885805        10.295163432729566
0.47104851330203906       10.336424997471397
0.4718309859154976        10.377871013337995
0.47261345852895614       10.419502302715728
0.4733959311424147        10.461319691802089
0.4741784037558732        10.50332401062201
0.47496087636933176       10.545516093047127
0.4757433489827903        10.587896776811988
0.47652582159624884       10.630466903533033
0.4773082942097074        10.673227318725083
0.4780907668231659        10.716178871820262
0.47887323943662446       10.759322416185569
0.479655712050083         10.80265880914152
0.48043818466354155       10.84618891197971
0.4812206572770001        10.889913589981745
0.4820031298904586        10.933833712436865
0.48278560250391717       10.977950152661379
0.4835680751173757        11.022263788016062
0.48435054773083425       11.066775499925598
0.4851330203442928        11.111486173896537
0.4859154929577513        11.156396699537822
0.48669796557120987       11.201507970577723
0.4874804381846684        11.246820884883675
0.48826291079812695       11.292336344481441
0.4890453834115855        11.338055255573238
0.48982785602504403       11.383978528558714
0.49061032863850257       11.4301070780528
0.4913928012519611        11.476441822906224
0.49217527386541965       11.52298368622536
0.4929577464788782        11.569733595389891
0.49374021909233673       11.616692482073972
0.49452269170579527       11.663861282265714
0.4953051643192538        11.711240936286742
0.49608763693271235       11.758832388812948
0.4968701095461709        11.806636588895117
0.49765258215962943       11.854654489977008
0.49843505477308797       11.90288704991707
0.4992175273865465        11.951335231008727
0.5                       12
