0                         2.153771283274807
0.0015673981191222572     2.1538241960279265
0.0031347962382445144     2.153982938366994
0.004702194357366771      2.154247521947866
0.006269592476489028      2.154617966267949
0.007836990595611285      2.155094298629024
0.009404388714733541      2.1556765541385516
0.010971786833855798      2.156364775712234
0.012539184952978054      2.1571590140761145
0.01410658307210031       2.1580593277724347
0.01567398119122257       2.159065783162248
0.017241379310344827      2.1601784544329803
0.018808777429467086      2.1613974236037166
0.020376175548589344      2.1627227805328175
0.021943573667711602      2.1641546229230926
0.02351097178683386       2.1656930563312926
0.02507836990595612       2.167338194176466
0.026645768025078377      2.169090157748883
0.028213166144200635      2.170949076220552
0.029780564263322894      2.172915086656758
0.03134796238244515       2.1749883340248743
0.03291536050156741       2.17716897120755
0.03448275862068967       2.1794571590148166
0.03605015673981193       2.1818530661989257
0.037617554858934185      2.184356869465603
0.03918495297805644       2.186968753491044
0.0407523510971787        2.189688910935672
0.04231974921630096       2.1925175424589725
0.04388714733542322       2.1954548567376264
0.04545454545454548       2.1985010704819388
0.047021943573667735      2.20165640845255
0.04858934169278999       2.204921103480899
0.05015673981191225       2.208295396487472
0.05172413793103451       2.211779536501922
0.05329153605015677       2.215373780682569
0.054858934169279026      2.2190783943376573
0.056426332288401285      2.2228936509474693
0.05799373040752354       2.2268198321865498
0.0595611285266458        2.2308572279466716
0.06112852664576806       2.2350061363603686
0.06269592476489032       2.23926686382606
0.06426332288401257       2.243639725032665
0.06583072100313482       2.2481250429855777
0.06739811912225707       2.252723149033386
0.06896551724137932       2.257434382895042
0.07053291536050157       2.2622590926881117
0.07210031347962383       2.2671976349560623
0.07366771159874608       2.2722503746977054
0.07523510971786833       2.2774176853977224
0.07680250783699058       2.282699949057587
0.07836990595611283       2.288097556226603
0.07993730407523508       2.2936109060330523
0.08150470219435733       2.2992404062179617
0.08307210031347959       2.304986473168185
0.08463949843260184       2.3108495319508506
0.08620689655172409       2.31683001634741
0.08777429467084634       2.3229283688907003
0.08934169278996859       2.3291450409000163
0.09090909090909084       2.3354804925177177
0.0924764890282131        2.341935192748622
0.09404388714733534       2.3485096194977473
0.0956112852664576        2.3552042596090814
0.09717868338557985       2.3620196089061096
0.0987460815047021        2.3689561722323447
0.10031347962382435       2.376014463492311
0.1018808777429466        2.383195005694745
0.10344827586206885       2.3904983309944896
0.1050156739811911        2.3979249807366614
0.10658307210031336       2.4054755055022383
0.10815047021943561       2.413150465151716
0.10971786833855786       2.4209504288706967
0.11128526645768011       2.4288759752181477
0.11285266457680236       2.4369276921738106
0.11442006269592461       2.4451061771845275
0.11598746081504686       2.4534120372155144
0.11755485893416912       2.4618458887994734
0.11912225705329137       2.4704083580872975
0.12068965517241362       2.479100080898945
0.12225705329153587       2.487921702777612
0.12382445141065812       2.496873879040834
0.12539184952978039       2.5059572748353958
0.12695924764890265       2.51517256519071
0.12852664576802492       2.5245204350754875
0.13009404388714718       2.534001579454639
0.13166144200626945       2.5436167033449806
0.1332288401253917        2.553366521873329
0.13479623824451398       2.56325176033738
0.13636363636363624       2.573273154262438
0.1379310344827585        2.5834314494646833
0.13949843260188077       2.59372740211046
0.14106583072100304       2.6041617787792575
0.1426332288401253        2.614735356526694
0.14420062695924757       2.625448922949488
0.14576802507836983       2.6363032762482135
0.1473354231974921        2.64729922529483
0.14890282131661436       2.6584375896982806
0.15047021943573663       2.6697191998733842
0.1520376175548589        2.6811448971077425
0.15360501567398116       2.6927155336310875
0.15517241379310343       2.704431972686166
0.1567398119122257        2.7162950885995087
0.15830721003134796       2.7283057668537936
0.15987460815047022       2.740464904161115
0.1614420062695925        2.7527734085362
0.16300940438871475       2.7652321993707005
0.16457680250783702       2.7778422075102753
0.16614420062695928       2.7906043753314407
0.16771159874608155       2.8035196568180822
0.1692789968652038        2.816589017640297
0.17084639498432608       2.8298134352340867
0.17241379310344834       2.8431938988831007
0.1739811912225706        2.8567314097997496
0.17554858934169287       2.870426981207004
0.17711598746081514       2.8842816384228627
0.1786833855799374        2.8982964189446534
0.18025078369905967       2.912472372534637
0.18181818181818193       2.9268105613065245
0.1833855799373042        2.941312059814038
0.18495297805642646       2.955977955138337
0.18652037617554873       2.9708093469789105
0.188087774294671         2.985807347744526
0.18965517241379326       3.000973082643611
0.19122257053291553       3.0163076897781593
0.1927899686520378        3.031812320238089
0.19435736677116006       3.0474881381956607
0.19592476489028232       3.063336321002339
0.1974921630094046        3.0793580592864487
0.19905956112852685       3.095554557050832
0.20062695924764912       3.1119270317716996
0.20219435736677138       3.1284767145012324
0.20376175548589365       3.145204849967854
0.2053291536050159        3.1621126966799693
0.20689655172413818       3.1792015270289085
0.20846394984326044       3.1964726273957353
0.2100313479623827        3.213927298258511
0.21159874608150497       3.2315668542976255
0.21316614420062724       3.249392624505276
0.2147335423197495        3.267405952295519
0.21630094043887177       3.2856081956168737
0.21786833855799403       3.304000727062487
0.2194357366771163        3.322584933985979
0.22100313479623857       3.3413622186141083
0.22257053291536083       3.3603339981651175
0.2241379310344831        3.3795017049651506
0.22570532915360536       3.398866786567851
0.22727272727272763       3.4184307058724244
0.2288401253918499        3.4381949412471613
0.23040752351097216       3.4581609866505687
0.23197492163009442       3.4783303517566537
0.2335423197492167        3.4987045620775916
0.23510971786833895       3.5192851590919645
0.23667711598746122       3.5400737003731138
0.23824451410658348       3.5610717597178905
0.23981191222570575       3.582280927276827
0.241379310344828         3.603702809686979
0.24294670846395028       3.625339030205396
0.24451410658307254       3.6471912288420754
0.2460815047021948        3.669261062497867
0.24764890282131707       3.6915502051016915
0.24921630094043934       3.71406034774958
0.2507836990595616        3.736793198845305
0.25235109717868387       3.759750484241124
0.25391849529780613       3.7829339473841515
0.2554858934169284        3.8063453494582404
0.25705329153605067       3.8299864695308656
0.25862068965517293       3.853859104702167
0.2601880877742952        3.8779650702543904
0.26175548589341746       3.902306199802524
0.2633228840125397        3.9268843454453304
0.264890282131662         3.9517013779224044
0.26645768025078426       3.9767591867672536
0.2680250783699065        4.002059680466687
0.2695924764890288        4.027604786618383
0.27115987460815105       4.053396452090624
0.2727272727272733        4.079436643185886
0.2742946708463956        4.105727345803757
0.27586206896551785       4.132270565606518
0.2774294670846401        4.159068328187232
0.2789968652037624        4.186122679237428
0.28056426332288464       4.213435684717751
0.2821316614420069        4.241009431030307
0.2836990595611292        4.268846025191635
0.28526645768025144       4.296947595010124
0.2868338557993737        4.325316289262787
0.28840125391849597       4.353954277873584
0.28996865203761824       4.382863752095602
0.2915360501567405        4.4120469246934135
0.29310344827586277       4.441506030127414
0.29467084639498503       4.471243324740442
0.2962382445141073        4.501261086946613
0.29780564263322956       4.5315616174222555
0.2993730407523518        4.562147239295143
0.3009404388714741        4.593020298340946
0.30250783699059636       4.624183163179282
0.3040752351097186        4.655638225470227
0.3056426332288409        4.687387900115141
0.30721003134796315       4.719434625458462
0.3087774294670854        4.751780863490296
0.3103448275862077        4.784429100053387
0.31191222570532995       4.8173818450515
0.3134796238244522        4.8506416326583235
0.3150470219435745        4.884211021528756
0.31661442006269674       4.918092595014684
0.318181818181819         4.952288961379907
0.3197492163009413        4.986802754019493
0.32131661442006354       5.021636631678803
0.3228840125391858        5.0567932786777305
0.32445141065830807       5.092275405133364
0.32601880877743034       5.128085747188891
0.3275862068965526        5.164227067241484
0.32915360501567487       5.2007021541745075
0.33072100313479713       5.237513823589552
0.3322884012539194        5.274664918044948
0.33385579937304166       5.312158307292293
0.3354231974921639        5.349996888518376
0.3369905956112862        5.388183586585626
0.33855799373040846       5.426721354280062
0.3401253918495307        5.465613172557312
0.341692789968653         5.5048620507932355
0.34326018808777525       5.544471027036366
0.3448275862068975        5.584443168261771
0.3463949843260198        5.624781570630319
0.34796238244514205       5.665489359748733
0.3495297805642643        5.706569690929143
0.3510971786833866        5.748025749456417
0.35266457680250884       5.789860750855837
0.3542319749216311        5.832077941161742
0.3557993730407534        5.8746805971915705
0.35736677115987564       5.917672026820014
0.3589341692789979        5.961055569257496
0.36050156739812017       6.004834595332284
0.36206896551724244       6.04901250777084
0.3636363636363647        6.093592741486702
0.36520376175548697       6.138578763868793
0.36677115987460923       6.183974075071546
0.3683385579937315        6.229782208311178
0.36990595611285376       6.276006730161782
0.371473354231976         6.322651240855635
0.3730407523510983        6.3697193745875325
0.37460815047022056       6.4172147998185665
0.3761755485893428        6.46514121958711
0.3777429467084651        6.51350237181947
0.37931034482758735       6.562302029645082
0.3808777429467096        6.6115440017139235
0.3824451410658319        6.661232132518762
0.38401253918495415       6.711370302717398
0.3855799373040764        6.761962429460425
0.3871473354231987        6.813012466722057
0.38871473354232094       6.864524405632267
0.3902821316614432        6.91650227481523
0.3918495297805655        6.968950140727259
0.39341692789968774       7.02187210800048
0.39498432601881          7.075272319790429
0.39655172413793227       7.129154958123138
0.39811912225705454       7.183524244250179
0.3996865203761768        7.238384439004278
0.40125391849529907       7.293739843158846
0.40282131661442133       7.349594797792179
0.4043887147335436        7.40595368465199
0.40595611285266586       7.462820926528934
0.4075235109717881        7.520200987626481
0.4090909090909104        7.578098373941145
0.41065830721003266       7.636517633641404
0.4122257053291549        7.69546335745315
0.4137931034482772        7.754940179048106
0.41536050156739945       7.814952775434392
0.4169278996865217        7.875505867353638
0.418495297805644         7.936604219678713
0.42006269592476625       7.998252641818567
0.4216300940438885        8.06045598812318
0.4231974921630108        8.123219158295854
0.42476489028213305       8.18654709780725
0.4263322884012553        8.250444798315073
0.4278996865203776        8.314917298085845
0.42946708463949984       8.379969682422256
0.4310344827586221        8.445607084093979
0.43260188087774437       8.511834683770587
0.43416927899686664       8.578657710463403
0.4357366771159889        8.64608144196609
0.43730407523511117       8.714111205303766
0.43887147335423343       8.782752377184408
0.4404388714733557        8.852010384453592
0.44200626959247796       8.921890704556176
0.44357366771160023       8.992398865999576
0.4451410658307225        9.063540448823915
0.44670846394984476       9.135321085074679
0.448275862068967         9.207746459281168
0.4498432601880893        9.280822308938184
0.45141065830721155       9.354554424994546
0.4529780564263338        9.42894865234365
0.4545454545454561        9.504010890319421
0.45611285266457835       9.579747093198307
0.4576802507837006        9.656163270704553
0.4592476489028229        9.733265488521567
0.46081504702194515       9.811059868806012
0.4623824451410674        9.889552590709968
0.4639498432601897        9.968749890903666
0.46551724137931194       10.048658064108167
0.4670846394984342        10.12928346362952
0.46865203761755647       10.210632501899
0.47021943573667874       10.292711651018692
0.471786833855801         10.37552744331282
0.47335423197492327       10.459086471881903
0.47492163009404553       10.543395391164665
0.4764890282131678        10.628460917505095
0.47805642633229006       10.714289829723668
0.47962382445141233       10.800888969694824
0.4811912225705346        10.888265242929265
0.48275862068965686       10.976425619161887
0.4843260188087791        11.065377132946367
0.4858934169279014        11.155126884253264
0.48746081504702365       11.245682039076485
0.4890282131661459        11.337049830042417
0.4905956112852682        11.429237557027932
0.49216300940439045       11.522252587781452
0.4937304075235127        11.616102358552837
0.495297805642635         11.710794374725651
0.49686520376175725       11.806336211459382
0.4984326018808795        11.902735514333187
0.5                       12
